$ANSIBLE_VAULT;1.1;AES256
62356133626130373564346366336531323265373136663133616131636134663965363535626234
6333343136303036306336326132643238656230343532360a646535313763333531326430666639
37643336616330326234613632623266316366366666333363346135316433643761393534333435
3931656564303132640a363533343361336333323338653239363135323333313637353761666461
31383638376235636466303565376266613830383862313364363833646139626131636433303864
32656534336535353861363364623861343861333266633365646465376237336537386466343032
61346561326663333062323564383663666337363334326264326339346261313562333037313031
66333333653764343938666661653738383033383962646235656234326138336438356263653466
35303431636531373766616237373365306434323962336462343936633531346530326132336632
66636331656631326538626633343538626663333235323034633434306130643130643932303739
66363931333265323063376432623936663263613238386666663936613063633631313034376435
62303064363762393438
